1.022	61.4113
1.0282	81.9648
1.03439	103.75
1.04059	125.506
1.04678	146.288
1.05298	165.678
1.05918	183.785
1.06537	201.072
1.07157	218.075
1.07776	235.132
1.08396	252.217
1.09016	268.924
1.09635	284.595
1.10255	298.554
1.10874	310.351
1.11494	319.951
1.12114	327.8
1.12733	334.742
1.13353	341.815
1.13972	349.972
1.14592	359.824
1.15212	371.453
1.15831	384.381
1.16451	397.674
1.1707	410.182
1.1769	420.831
1.1831	428.91
1.18929	434.261
1.19549	437.335
1.20168	439.102
1.20788	440.82
1.21408	443.745
1.22027	448.829
1.22647	456.491
1.23266	466.518
1.23886	478.095
1.24506	489.994
1.25125	500.834
1.25745	509.391
1.26364	514.867
1.26984	517.063
1.27604	516.429
1.28223	513.976
1.28843	511.067
1.29462	509.142
1.30082	509.428
1.30702	512.692
1.31321	519.089
1.31941	528.134
1.3256	538.79
1.3318	549.674
1.338	559.308
1.34419	566.406
1.35039	570.099
1.35658	570.1
1.36278	566.753
1.36898	560.964
1.37517	554.049
1.38137	547.496
1.38756	542.716
1.39376	540.8
1.39996	542.343
1.40615	547.348
1.41235	555.233
1.41854	564.926
1.42474	575.047
1.43094	584.123
1.43713	590.827
1.44333	594.172
1.44952	593.667
1.45572	589.381
1.46192	581.926
1.46811	572.362
1.47431	562.038
1.4805	552.39
1.4867	544.738
1.4929	540.104
1.49909	539.07
1.50529	541.706
1.51148	547.573
1.51768	555.783
1.52388	565.132
1.53007	574.261
1.53627	581.837
1.54246	586.725
1.54866	588.131
1.55486	585.691
1.56105	579.517
1.56725	570.168
1.57344	558.575
1.57964	545.923
1.58584	533.503
1.59203	522.557
1.59823	514.135
1.60442	508.98
1.61062	507.442
1.61682	509.456
1.62301	514.554
1.62921	521.926
1.6354	530.519
1.6416	539.155
1.6478	546.662
1.65399	551.999
1.66019	554.361
1.66638	553.259
1.67258	548.562
1.67878	540.503
1.68497	529.645
1.69117	516.817
1.69736	503.027
1.70356	489.357
1.70976	476.857
1.71595	466.447
1.72215	458.832
1.72834	454.443
1.73454	453.401
1.74074	455.52
1.74693	460.328
1.75313	467.121
1.75932	475.03
1.76552	483.102
1.77172	490.389
1.77791	496.028
1.78411	499.311
1.7903	499.741
1.7965	497.071
1.8027	491.314
1.80889	482.732
1.81509	471.813
1.82128	459.22
1.82748	445.737
1.83368	432.2
1.83987	419.431
1.84607	408.178
1.85226	399.056
1.85846	392.508
1.86466	388.776
1.87085	387.89
1.87705	389.673
1.88324	393.761
1.88944	399.635
1.89564	406.662
1.90183	414.146
1.90803	421.378
1.91422	427.683
1.92042	432.469
1.92662	435.261
1.93281	435.731
1.93901	433.713
1.9452	429.211
1.9514	422.387
1.9576	413.554
1.96379	403.141
1.96999	391.671
1.97618	379.716
1.98238	367.869
1.98858	356.699
1.99477	346.725
2.00097	338.38
2.00716	331.994
2.01336	327.773
2.01956	325.799
2.02575	326.022
2.03195	328.274
2.03814	332.28
2.04434	337.677
2.05054	344.04
2.05673	350.904
2.06293	357.793
2.06912	364.246
2.07532	369.839
2.08152	374.208
2.08771	377.062
2.09391	378.199
2.1001	377.511
2.1063	374.987
2.1125	370.706
2.11869	364.834
2.12489	357.61
2.13108	349.336
2.13728	340.352
2.14348	331.027
2.14967	321.737
2.15587	312.846
2.16206	304.694
2.16826	297.579
2.17446	291.749
2.18065	287.389
2.18685	284.617
2.19304	283.485
2.19924	283.973
2.20544	285.999
2.21163	289.418
2.21783	294.036
2.22402	299.619
2.23022	305.898
2.23642	312.591
2.24261	319.403
2.24881	326.048
2.255	332.255
2.2612	337.775
2.2674	342.395
2.27359	345.942
2.27979	348.288
2.28598	349.353
2.29218	349.107
2.29838	347.569
2.30457	344.804
2.31077	340.921
2.31696	336.066
2.32316	330.417
2.32936	324.179
2.33555	317.572
2.34175	310.827
2.34794	304.175
2.35414	297.845
2.36034	292.05
2.36653	286.985
2.37273	282.822
2.37892	279.7
2.38512	277.729
2.39132	276.979
2.39751	277.487
2.40371	279.251
2.4099	282.23
2.4161	286.353
2.4223	291.513
2.42849	297.577
2.43469	304.387
2.44088	311.767
2.44708	319.526
2.45328	327.464
2.45947	335.382
2.46567	343.079
2.47186	350.367
2.47806	357.069
2.48426	363.028
2.49045	368.107
2.49665	372.198
2.50284	375.217
2.50904	377.116
2.51524	377.873
2.52143	377.501
2.52763	376.043
2.53382	373.573
2.54002	370.19
2.54622	366.02
2.55241	361.209
2.55861	355.923
2.5648	350.337
2.571	344.639
2.5772	339.017
2.58339	333.661
2.58959	328.753
2.59578	324.467
2.60198	320.96
2.60818	318.371
2.61437	316.819
2.62057	316.397
2.62676	317.17
2.63296	319.177
2.63916	322.426
2.64535	326.896
2.65155	332.537
2.65774	339.274
2.66394	347.003
2.67014	355.597
2.67633	364.912
2.68253	374.785
2.68872	385.041
2.69492	395.496
2.70112	405.961
2.70731	416.249
2.71351	426.175
2.7197	435.564
2.7259	444.252
2.7321	452.092
2.73829	458.956
2.74449	464.738
2.75068	469.356
2.75688	472.755
2.76308	474.904
2.76927	475.805
2.77547	475.482
2.78166	473.99
2.78786	471.407
2.79406	467.836
2.80025	463.401
2.80645	458.245
2.81264	452.527
2.81884	446.417
2.82504	440.094
2.83123	433.743
2.83743	427.549
2.84362	421.694
2.84982	416.353
2.85602	411.693
2.86221	407.866
2.86841	405.008
2.8746	403.235
2.8808	402.643
2.887	403.304
2.89319	405.268
2.89939	408.557
2.90558	413.169
2.91178	419.076
2.91798	426.227
2.92417	434.546
2.93037	443.936
2.93656	454.28
2.94276	465.442
2.94896	477.275
2.95515	489.617
2.96135	502.296
2.96754	515.138
2.97374	527.962
2.97994	540.591
2.98613	552.852
2.99233	564.577
2.99852	575.609
3.00472	585.804
3.01092	595.032
3.01711	603.182
3.02331	610.159
3.0295	615.892
3.0357	620.329
3.0419	623.442
3.04809	625.223
3.05429	625.689
3.06048	624.878
3.06668	622.848
3.07288	619.679
3.07907	615.467
3.08527	610.326
3.09146	604.386
3.09766	597.786
3.10386	590.677
3.11005	583.218
3.11625	575.571
3.12244	567.902
3.12864	560.375
3.13484	553.151
3.14103	546.388
3.14723	540.232
3.15342	534.822
3.15962	530.284
3.16582	526.729
3.17201	524.255
3.17821	522.94
3.1844	522.846
3.1906	524.017
3.1968	526.476
3.20299	530.23
3.20919	535.264
3.21538	541.546
3.22158	549.026
3.22778	557.637
3.23397	567.294
3.24017	577.902
3.24636	589.35
3.25256	601.515
3.25876	614.268
3.26495	627.471
3.27115	640.978
3.27734	654.644
3.28354	668.32
3.28974	681.859
3.29593	695.115
3.30213	707.948
3.30832	720.224
3.31452	731.817
3.32072	742.612
3.32691	752.502
3.33311	761.397
3.3393	769.215
3.3455	775.892
3.3517	781.378
3.35789	785.637
3.36409	788.651
3.37028	790.414
3.37648	790.939
3.38268	790.253
3.38887	788.395
3.39507	785.421
3.40126	781.4
3.40746	776.409
3.41366	770.541
3.41985	763.895
3.42605	756.578
3.43224	748.707
3.43844	740.403
3.44464	731.787
3.45083	722.988
3.45703	714.133
3.46322	705.348
3.46942	696.758
3.47562	688.483
3.48181	680.639
3.48801	673.337
3.4942	666.679
3.5004	660.759
3.5066	655.662
3.51279	651.463
3.51899	648.226
3.52518	646.003
3.53138	644.836
3.53758	644.754
3.54377	645.774
3.54997	647.899
3.55616	651.124
3.56236	655.43
3.56856	660.785
3.57475	667.149
3.58095	674.47
3.58714	682.687
3.59334	691.731
3.59954	701.523
3.60573	711.979
3.61193	723.008
3.61812	734.514
3.62432	746.398
3.63052	758.557
3.63671	770.885
3.64291	783.277
3.6491	795.629
3.6553	807.838
3.6615	819.8
3.66769	831.418
3.67389	842.598
3.68008	853.251
3.68628	863.294
3.69248	872.649
3.69867	881.247
3.70487	889.026
3.71106	895.93
3.71726	901.916
3.72346	906.945
3.72965	910.99
3.73585	914.032
3.74204	916.061
3.74824	917.075
3.75444	917.084
3.76063	916.103
3.76683	914.157
3.77302	911.28
3.77922	907.511
3.78542	902.899
3.79161	897.497
3.79781	891.366
3.804	884.57
3.8102	877.181
3.8164	869.271
3.82259	860.918
3.82879	852.202
3.83498	843.206
3.84118	834.011
3.84738	824.702
3.85357	815.361
3.85977	806.071
3.86596	796.911
3.87216	787.961
3.87836	779.297
3.88455	770.988
3.89075	763.105
3.89694	755.711
3.90314	748.864
3.90934	742.619
3.91553	737.023
3.92173	732.118
3.92792	727.942
3.93412	724.524
3.94032	721.887
3.94651	720.049
3.95271	719.021
3.9589	718.806
3.9651	719.404
3.9713	720.805
3.97749	722.996
3.98369	725.957
3.98988	729.662
3.99608	734.08
4.00228	739.176
4.00847	744.909
4.01467	751.235
4.02086	758.105
4.02706	765.467
4.03326	773.268
4.03945	781.45
4.04565	789.952
4.05184	798.715
4.05804	807.676
4.06424	816.773
4.07043	825.943
4.07663	835.123
4.08282	844.251
4.08902	853.266
4.09522	862.108
4.10141	870.72
4.10761	879.046
4.1138	887.033
4.12	894.632
4.1262	901.794
4.13239	908.476
4.13859	914.638
4.14478	920.244
4.15098	925.262
4.15718	929.664
4.16337	933.425
4.16957	936.525
4.17576	938.95
4.18196	940.689
4.18816	941.734
4.19435	942.084
4.20055	941.74
4.20674	940.708
4.21294	938.999
4.21914	936.626
4.22533	933.608
4.23153	929.964
4.23772	925.72
4.24392	920.904
4.25012	915.547
4.25631	909.68
4.26251	903.341
4.2687	896.567
4.2749	889.398
4.2811	881.875
4.28729	874.041
4.29349	865.94
4.29968	857.616
4.30588	849.115
4.31208	840.481
4.31827	831.762
4.32447	822.999
4.33066	814.24
4.33686	805.527
4.34306	796.903
4.34925	788.411
4.35545	780.088
4.36164	771.975
4.36784	764.108
4.37404	756.52
4.38023	749.246
4.38643	742.315
4.39262	735.755
4.39882	729.591
4.40502	723.846
4.41121	718.54
4.41741	713.69
4.4236	709.312
4.4298	705.417
4.436	702.013
4.44219	699.108
4.44839	696.705
4.45458	694.805
4.46078	693.406
4.46698	692.503
4.47317	692.09
4.47937	692.158
4.48556	692.694
4.49176	693.685
4.49796	695.115
4.50415	696.965
4.51035	699.216
4.51654	701.846
4.52274	704.832
4.52894	708.149
4.53513	711.772
4.54133	715.673
4.54752	719.825
4.55372	724.197
4.55992	728.762
4.56611	733.489
4.57231	738.347
4.5785	743.307
4.5847	748.337
4.5909	753.407
4.59709	758.487
4.60329	763.546
4.60948	768.557
4.61568	773.489
4.62188	778.315
4.62807	783.008
4.63427	787.542
4.64046	791.892
4.64666	796.034
4.65286	799.946
4.65905	803.606
4.66525	806.994
4.67144	810.093
4.67764	812.885
4.68384	815.355
4.69003	817.49
4.69623	819.277
4.70242	820.707
4.70862	821.77
4.71482	822.459
4.72101	822.77
4.72721	822.698
4.7334	822.242
4.7396	821.4
4.7458	820.174
4.75199	818.567
4.75819	816.582
4.76438	814.226
4.77058	811.506
4.77678	808.428
4.78297	805.004
4.78917	801.245
4.79536	797.161
4.80156	792.767
4.80776	788.075
4.81395	783.102
4.82015	777.863
4.82634	772.374
4.83254	766.653
4.83874	760.717
4.84493	754.584
4.85113	748.275
4.85732	741.807
4.86352	735.201
4.86972	728.474
4.87591	721.648
4.88211	714.742
4.8883	707.775
4.8945	700.768
4.9007	693.738
4.90689	686.705
4.91309	679.688
4.91928	672.706
4.92548	665.775
4.93168	658.914
4.93787	652.138
4.94407	645.465
4.95026	638.909
4.95646	632.485
4.96266	626.207
4.96885	620.089
4.97505	614.142
4.98124	608.379
4.98744	602.809
4.99364	597.444
4.99983	592.29
5.00603	587.358
5.01222	582.653
5.01842	578.181
5.02462	573.948
5.03081	569.959
5.03701	566.216
5.0432	562.721
5.0494	559.477
5.0556	556.484
5.06179	553.741
5.06799	551.248
5.07418	549.003
5.08038	547.002
5.08658	545.243
5.09277	543.721
5.09897	542.431
5.10516	541.367
5.11136	540.523
5.11756	539.893
5.12375	539.468
5.12995	539.241
5.13614	539.203
5.14234	539.345
5.14854	539.657
5.15473	540.13
5.16093	540.754
5.16712	541.517
5.17332	542.41
5.17952	543.422
5.18571	544.541
5.19191	545.755
5.1981	547.055
5.2043	548.427
5.2105	549.862
5.21669	551.346
5.22289	552.87
5.22908	554.421
5.23528	555.989
5.24148	557.562
5.24767	559.129
5.25387	560.68
5.26006	562.205
5.26626	563.694
5.27246	565.135
5.27865	566.521
5.28485	567.841
5.29104	569.088
5.29724	570.251
5.30344	571.325
5.30963	572.299
5.31583	573.169
5.32202	573.926
5.32822	574.565
5.33442	575.079
5.34061	575.463
5.34681	575.712
5.353	575.822
5.3592	575.788
5.3654	575.608
5.37159	575.277
5.37779	574.794
5.38398	574.157
5.39018	573.363
5.39638	572.412
5.40257	571.302
5.40877	570.035
5.41496	568.609
5.42116	567.025
5.42736	565.285
5.43355	563.39
5.43975	561.342
5.44594	559.142
5.45214	556.794
5.45834	554.3
5.46453	551.664
5.47073	548.89
5.47692	545.98
5.48312	542.94
5.48932	539.773
5.49551	536.485
5.50171	533.081
5.5079	529.565
5.5141	525.943
5.5203	522.22
5.52649	518.402
5.53269	514.495
5.53888	510.505
5.54508	506.438
5.55128	502.3
5.55747	498.097
5.56367	493.835
5.56986	489.521
5.57606	485.162
5.58226	480.762
5.58845	476.33
5.59465	471.87
5.60084	467.389
5.60704	462.894
5.61324	458.39
5.61943	453.883
5.62563	449.379
5.63182	444.885
5.63802	440.406
5.64422	435.946
5.65041	431.513
5.65661	427.111
5.6628	422.744
5.669	418.418
5.6752	414.138
5.68139	409.908
5.68759	405.733
5.69378	401.616
5.69998	397.562
5.70618	393.573
5.71237	389.655
5.71857	385.81
5.72476	382.041
5.73096	378.352
5.73716	374.743
5.74335	371.219
5.74955	367.781
5.75574	364.431
5.76194	361.171
5.76814	358.003
5.77433	354.927
5.78053	351.945
5.78672	349.057
5.79292	346.265
5.79912	343.568
5.80531	340.968
5.81151	338.463
5.8177	336.054
5.8239	333.74
5.8301	331.521
5.83629	329.396
5.84249	327.364
5.84868	325.424
5.85488	323.575
5.86108	321.816
5.86727	320.144
5.87347	318.558
5.87966	317.056
5.88586	315.637
5.89206	314.298
5.89825	313.037
5.90445	311.851
5.91064	310.739
5.91684	309.698
5.92304	308.725
5.92923	307.817
5.93543	306.973
5.94162	306.188
5.94782	305.46
5.95402	304.787
5.96021	304.165
5.96641	303.591
5.9726	303.063
5.9788	302.576
5.985	302.129
5.99119	301.719
5.99739	301.341
6.00358	300.994
6.00978	300.674
6.01598	300.378
6.02217	300.103
6.02837	299.846
6.03456	299.605
6.04076	299.376
6.04696	299.156
6.05315	298.943
6.05935	298.735
6.06554	298.527
6.07174	298.319
6.07794	298.106
6.08413	297.888
6.09033	297.66
6.09652	297.422
6.10272	297.17
6.10892	296.903
6.11511	296.618
6.12131	296.314
6.1275	295.988
6.1337	295.639
6.1399	295.265
6.14609	294.864
6.15229	294.435
6.15848	293.976
6.16468	293.486
6.17088	292.964
6.17707	292.408
6.18327	291.817
6.18946	291.191
6.19566	290.528
6.20186	289.828
6.20805	289.089
6.21425	288.312
6.22044	287.496
6.22664	286.64
6.23284	285.744
6.23903	284.807
6.24523	283.83
6.25142	282.812
6.25762	281.754
6.26382	280.655
6.27001	279.516
6.27621	278.336
6.2824	277.116
6.2886	275.857
6.2948	274.559
6.30099	273.222
6.30719	271.846
6.31338	270.434
6.31958	268.984
6.32578	267.499
6.33197	265.978
6.33817	264.422
6.34436	262.833
6.35056	261.212
6.35676	259.559
6.36295	257.875
6.36915	256.162
6.37534	254.42
6.38154	252.651
6.38774	250.856
6.39393	249.036
6.40013	247.192
6.40632	245.325
6.41252	243.437
6.41872	241.53
6.42491	239.603
6.43111	237.66
6.4373	235.699
6.4435	233.725
6.4497	231.737
6.45589	229.736
6.46209	227.725
6.46828	225.704
6.47448	223.676
6.48068	221.64
6.48687	219.599
6.49307	217.553
6.49926	215.505
6.50546	213.454
6.51166	211.404
6.51785	209.354
6.52405	207.306
6.53024	205.261
6.53644	203.221
6.54264	201.186
6.54883	199.158
6.55503	197.137
6.56122	195.126
6.56742	193.124
6.57362	191.133
6.57981	189.154
6.58601	187.188
6.5922	185.236
6.5984	183.298
6.6046	181.376
6.61079	179.471
6.61699	177.583
6.62318	175.712
6.62938	173.861
6.63558	172.029
6.64177	170.216
6.64797	168.425
6.65416	166.655
6.66036	164.907
6.66656	163.181
6.67275	161.478
6.67895	159.799
6.68514	158.143
6.69134	156.511
6.69754	154.904
6.70373	153.322
6.70993	151.764
6.71612	150.233
6.72232	148.726
6.72852	147.246
6.73471	145.791
6.74091	144.363
6.7471	142.96
6.7533	141.584
6.7595	140.234
6.76569	138.91
6.77189	137.612
6.77808	136.341
6.78428	135.095
6.79048	133.876
6.79667	132.682
6.80287	131.514
6.80906	130.371
6.81526	129.254
6.82146	128.161
6.82765	127.094
6.83385	126.051
6.84004	125.032
6.84624	124.037
6.85244	123.065
6.85863	122.117
6.86483	121.192
6.87102	120.289
6.87722	119.408
6.88342	118.549
6.88961	117.712
6.89581	116.895
6.902	116.098
6.9082	115.322
6.9144	114.565
6.92059	113.827
6.92679	113.107
6.93298	112.406
6.93918	111.722
6.94538	111.056
6.95157	110.405
6.95777	109.771
6.96396	109.153
6.97016	108.549
6.97636	107.96
6.98255	107.385
6.98875	106.824
6.99494	106.275
7.00114	105.738
7.00734	105.213
7.01353	104.698
7.01973	104.194
7.02592	103.698
7.03212	103.209
7.03832	102.726
7.04451	102.247
7.05071	101.768
7.0569	101.286
7.0631	100.797
7.0693	100.293
7.07549	99.769
7.08169	99.2141
7.08788	98.6174
7.09408	97.9654
7.10028	97.2421
7.10647	96.429
7.11267	95.5058
7.11886	94.4497
7.12506	93.2368
7.13126	91.8423
7.13745	90.2413
7.14365	88.4109
7.14984	86.3298
7.15604	83.9818
7.16224	81.3547
7.16843	78.4444
7.17463	75.253
7.18082	71.7915
7.18702	68.0808
7.19322	64.1485
7.19941	60.0327
7.20561	55.7766
7.2118	51.4302
