1.022	73.0806
1.0282	89.2731
1.03439	106.517
1.04059	124.445
1.04678	142.709
1.05298	161.011
1.05918	179.114
1.06537	196.833
1.07157	214.024
1.07776	230.567
1.08396	246.357
1.09016	261.307
1.09635	275.357
1.10255	288.492
1.10874	300.755
1.11494	312.249
1.12114	323.13
1.12733	333.58
1.13353	343.776
1.13972	353.849
1.14592	363.863
1.15212	373.797
1.15831	383.556
1.16451	392.997
1.1707	401.966
1.1769	410.343
1.1831	418.075
1.18929	425.199
1.19549	431.837
1.20168	438.171
1.20788	444.41
1.21408	450.737
1.22027	457.268
1.22647	464.027
1.23266	470.932
1.23886	477.817
1.24506	484.46
1.25125	490.638
1.25745	496.169
1.26364	500.961
1.26984	505.029
1.27604	508.5
1.28223	511.589
1.28843	514.557
1.29462	517.663
1.30082	521.109
1.30702	525.003
1.31321	529.331
1.31941	533.963
1.3256	538.67
1.3318	543.169
1.338	547.176
1.34419	550.455
1.35039	552.868
1.35658	554.397
1.36278	555.153
1.36898	555.357
1.37517	555.307
1.38137	555.325
1.38756	555.706
1.39376	556.664
1.39996	558.3
1.40615	560.584
1.41235	563.355
1.41854	566.35
1.42474	569.244
1.43094	571.698
1.43713	573.416
1.44333	574.188
1.44952	573.926
1.45572	572.675
1.46192	570.612
1.46811	568.016
1.47431	565.234
1.4805	562.626
1.4867	560.52
1.4929	559.163
1.49909	558.686
1.50529	559.09
1.51148	560.24
1.51768	561.889
1.52388	563.708
1.53007	565.329
1.53627	566.395
1.54246	566.605
1.54866	565.752
1.55486	563.752
1.56105	560.65
1.56725	556.619
1.57344	551.937
1.57964	546.952
1.58584	542.043
1.59203	537.574
1.59823	533.854
1.60442	531.097
1.61062	529.405
1.61682	528.752
1.62301	528.99
1.62921	529.868
1.6354	531.056
1.6416	532.187
1.6478	532.892
1.65399	532.844
1.66019	531.787
1.66638	529.565
1.67258	526.14
1.67878	521.588
1.68497	516.096
1.69117	509.942
1.69736	503.463
1.70356	497.026
1.70976	490.99
1.71595	485.673
1.72215	481.322
1.72834	478.091
1.73454	476.029
1.74074	475.077
1.74693	475.073
1.75313	475.773
1.75932	476.866
1.76552	478.012
1.77172	478.865
1.77791	479.105
1.78411	478.466
1.7903	476.758
1.7965	473.88
1.8027	469.828
1.80889	464.693
1.81509	458.652
1.82128	451.956
1.82748	444.902
1.83368	437.817
1.83987	431.023
1.84607	424.821
1.85226	419.465
1.85846	415.141
1.86466	411.961
1.87085	409.95
1.87705	409.049
1.88324	409.124
1.88944	409.97
1.89564	411.333
1.90183	412.929
1.90803	414.461
1.91422	415.641
1.92042	416.212
1.92662	415.96
1.93281	414.734
1.93901	412.447
1.9452	409.085
1.9514	404.707
1.9576	399.435
1.96379	393.449
1.96999	386.972
1.97618	380.257
1.98238	373.568
1.98858	367.167
1.99477	361.296
2.00097	356.164
2.00716	351.935
2.01336	348.72
2.01956	346.572
2.02575	345.484
2.03195	345.393
2.03814	346.183
2.04434	347.692
2.05054	349.726
2.05673	352.066
2.06293	354.484
2.06912	356.754
2.07532	358.662
2.08152	360.021
2.08771	360.677
2.09391	360.515
2.1001	359.469
2.1063	357.516
2.1125	354.683
2.11869	351.041
2.12489	346.7
2.13108	341.805
2.13728	336.525
2.14348	331.047
2.14967	325.566
2.15587	320.275
2.16206	315.358
2.16826	310.979
2.17446	307.28
2.18065	304.371
2.18685	302.327
2.19304	301.188
2.19924	300.957
2.20544	301.599
2.21163	303.047
2.21783	305.202
2.22402	307.942
2.23022	311.123
2.23642	314.589
2.24261	318.177
2.24881	321.725
2.255	325.073
2.2612	328.078
2.2674	330.61
2.27359	332.563
2.27979	333.855
2.28598	334.431
2.29218	334.265
2.29838	333.361
2.30457	331.748
2.31077	329.485
2.31696	326.652
2.32316	323.351
2.32936	319.699
2.33555	315.828
2.34175	311.874
2.34794	307.978
2.35414	304.278
2.36034	300.908
2.36653	297.988
2.37273	295.626
2.37892	293.912
2.38512	292.916
2.39132	292.687
2.39751	293.25
2.40371	294.606
2.4099	296.735
2.4161	299.593
2.4223	303.117
2.42849	307.223
2.43469	311.814
2.44088	316.779
2.44708	321.999
2.45328	327.346
2.45947	332.693
2.46567	337.912
2.47186	342.884
2.47806	347.494
2.48426	351.641
2.49045	355.237
2.49665	358.212
2.50284	360.513
2.50904	362.107
2.51524	362.981
2.52143	363.144
2.52763	362.622
2.53382	361.465
2.54002	359.738
2.54622	357.522
2.55241	354.914
2.55861	352.019
2.5648	348.955
2.571	345.843
2.5772	342.807
2.58339	339.969
2.58959	337.45
2.59578	335.36
2.60198	333.804
2.60818	332.872
2.61437	332.64
2.62057	333.168
2.62676	334.497
2.63296	336.651
2.63916	339.634
2.64535	343.43
2.65155	348.004
2.65774	353.305
2.66394	359.262
2.67014	365.791
2.67633	372.793
2.68253	380.16
2.68872	387.773
2.69492	395.51
2.70112	403.246
2.70731	410.853
2.71351	418.209
2.7197	425.198
2.7259	431.709
2.7321	437.646
2.73829	442.922
2.74449	447.468
2.75068	451.23
2.75688	454.171
2.76308	456.274
2.76927	457.538
2.77547	457.983
2.78166	457.645
2.78786	456.58
2.79406	454.858
2.80025	452.564
2.80645	449.796
2.81264	446.662
2.81884	443.28
2.82504	439.77
2.83123	436.261
2.83743	432.877
2.84362	429.744
2.84982	426.982
2.85602	424.704
2.86221	423.015
2.86841	422.008
2.8746	421.762
2.8808	422.343
2.887	423.8
2.89319	426.167
2.89939	429.458
2.90558	433.673
2.91178	438.79
2.91798	444.774
2.92417	451.572
2.93037	459.115
2.93656	467.322
2.94276	476.098
2.94896	485.338
2.95515	494.93
2.96135	504.753
2.96754	514.683
2.97374	524.595
2.97994	534.363
2.98613	543.864
2.99233	552.98
2.99852	561.599
3.00472	569.62
3.01092	576.95
3.01711	583.508
3.02331	589.229
3.0295	594.06
3.0357	597.963
3.0419	600.918
3.04809	602.919
3.05429	603.978
3.06048	604.119
3.06668	603.385
3.07288	601.831
3.07907	599.527
3.08527	596.554
3.09146	593.003
3.09766	588.976
3.10386	584.581
3.11005	579.932
3.11625	575.146
3.12244	570.343
3.12864	565.643
3.13484	561.164
3.14103	557.018
3.14723	553.314
3.15342	550.153
3.15962	547.628
3.16582	545.822
3.17201	544.805
3.17821	544.638
3.1844	545.367
3.1906	547.024
3.1968	549.629
3.20299	553.187
3.20919	557.69
3.21538	563.114
3.22158	569.425
3.22778	576.573
3.23397	584.498
3.24017	593.13
3.24636	602.387
3.25256	612.181
3.25876	622.413
3.26495	632.983
3.27115	643.784
3.27734	654.705
3.28354	665.637
3.28974	676.469
3.29593	687.091
3.30213	697.397
3.30832	707.288
3.31452	716.667
3.32072	725.446
3.32691	733.544
3.33311	740.89
3.3393	747.423
3.3455	753.092
3.3517	757.856
3.35789	761.688
3.36409	764.571
3.37028	766.499
3.37648	767.479
3.38268	767.531
3.38887	766.682
3.39507	764.973
3.40126	762.454
3.40746	759.184
3.41366	755.23
3.41985	750.668
3.42605	745.579
3.43224	740.051
3.43844	734.175
3.44464	728.045
3.45083	721.759
3.45703	715.415
3.46322	709.109
3.46942	702.938
3.47562	696.997
3.48181	691.374
3.48801	686.156
3.4942	681.424
3.5004	677.252
3.5066	673.706
3.51279	670.847
3.51899	668.727
3.52518	667.387
3.53138	666.862
3.53758	667.177
3.54377	668.347
3.54997	670.378
3.55616	673.265
3.56236	676.997
3.56856	681.551
3.57475	686.898
3.58095	692.999
3.58714	699.807
3.59334	707.27
3.59954	715.328
3.60573	723.915
3.61193	732.961
3.61812	742.393
3.62432	752.13
3.63052	762.095
3.63671	772.203
3.64291	782.371
3.6491	792.517
3.6553	802.558
3.6615	812.413
3.66769	822.004
3.67389	831.255
3.68008	840.094
3.68628	848.453
3.69248	856.271
3.69867	863.489
3.70487	870.057
3.71106	875.929
3.71726	881.068
3.72346	885.442
3.72965	889.026
3.73585	891.804
3.74204	893.765
3.74824	894.906
3.75444	895.232
3.76063	894.754
3.76683	893.49
3.77302	891.465
3.77922	888.71
3.78542	885.26
3.79161	881.159
3.79781	876.453
3.804	871.193
3.8102	865.436
3.8164	859.239
3.82259	852.665
3.82879	845.778
3.83498	838.643
3.84118	831.328
3.84738	823.899
3.85357	816.425
3.85977	808.973
3.86596	801.608
3.87216	794.395
3.87836	787.396
3.88455	780.67
3.89075	774.274
3.89694	768.261
3.90314	762.682
3.90934	757.58
3.91553	752.997
3.92173	748.969
3.92792	745.527
3.93412	742.697
3.94032	740.502
3.94651	738.956
3.95271	738.07
3.9589	737.851
3.9651	738.297
3.9713	739.404
3.97749	741.162
3.98369	743.557
3.98988	746.568
3.99608	750.173
4.00228	754.342
4.00847	759.045
4.01467	764.244
4.02086	769.903
4.02706	775.978
4.03326	782.426
4.03945	789.2
4.04565	796.25
4.05184	803.528
4.05804	810.983
4.06424	818.561
4.07043	826.212
4.07663	833.882
4.08282	841.52
4.08902	849.075
4.09522	856.498
4.10141	863.738
4.10761	870.749
4.1138	877.487
4.12	883.907
4.1262	889.971
4.13239	895.64
4.13859	900.88
4.14478	905.659
4.15098	909.948
4.15718	913.724
4.16337	916.964
4.16957	919.65
4.17576	921.769
4.18196	923.308
4.18816	924.263
4.19435	924.628
4.20055	924.404
4.20674	923.595
4.21294	922.207
4.21914	920.252
4.22533	917.743
4.23153	914.697
4.23772	911.132
4.24392	907.072
4.25012	902.542
4.25631	897.568
4.26251	892.18
4.2687	886.409
4.2749	880.289
4.2811	873.853
4.28729	867.138
4.29349	860.18
4.29968	853.017
4.30588	845.687
4.31208	838.228
4.31827	830.679
4.32447	823.079
4.33066	815.465
4.33686	807.875
4.34306	800.346
4.34925	792.913
4.35545	785.612
4.36164	778.476
4.36784	771.536
4.37404	764.823
4.38023	758.366
4.38643	752.191
4.39262	746.323
4.39882	740.784
4.40502	735.596
4.41121	730.777
4.41741	726.342
4.4236	722.305
4.4298	718.677
4.436	715.468
4.44219	712.683
4.44839	710.328
4.45458	708.403
4.46078	706.909
4.46698	705.843
4.47317	705.199
4.47937	704.972
4.48556	705.15
4.49176	705.725
4.49796	706.682
4.50415	708.008
4.51035	709.685
4.51654	711.695
4.52274	714.02
4.52894	716.638
4.53513	719.529
4.54133	722.668
4.54752	726.033
4.55372	729.598
4.55992	733.338
4.56611	737.228
4.57231	741.242
4.5785	745.352
4.5847	749.533
4.5909	753.759
4.59709	758.002
4.60329	762.237
4.60948	766.438
4.61568	770.58
4.62188	774.638
4.62807	778.588
4.63427	782.408
4.64046	786.075
4.64666	789.568
4.65286	792.866
4.65905	795.951
4.66525	798.804
4.67144	801.41
4.67764	803.753
4.68384	805.818
4.69003	807.593
4.69623	809.068
4.70242	810.231
4.70862	811.076
4.71482	811.594
4.72101	811.78
4.72721	811.632
4.7334	811.144
4.7396	810.318
4.7458	809.153
4.75199	807.65
4.75819	805.813
4.76438	803.645
4.77058	801.153
4.77678	798.342
4.78297	795.221
4.78917	791.799
4.79536	788.086
4.80156	784.092
4.80776	779.83
4.81395	775.312
4.82015	770.552
4.82634	765.564
4.83254	760.363
4.83874	754.963
4.84493	749.382
4.85113	743.635
4.85732	737.74
4.86352	731.713
4.86972	725.571
4.87591	719.331
4.88211	713.011
4.8883	706.629
4.8945	700.201
4.9007	693.745
4.90689	687.278
4.91309	680.815
4.91928	674.375
4.92548	667.973
4.93168	661.623
4.93787	655.343
4.94407	649.145
4.95026	643.044
4.95646	637.055
4.96266	631.188
4.96885	625.456
4.97505	619.872
4.98124	614.445
4.98744	609.186
4.99364	604.103
4.99983	599.205
5.00603	594.5
5.01222	589.994
5.01842	585.693
5.02462	581.603
5.03081	577.728
5.03701	574.07
5.0432	570.634
5.0494	567.42
5.0556	564.43
5.06179	561.663
5.06799	559.12
5.07418	556.799
5.08038	554.699
5.08658	552.815
5.09277	551.146
5.09897	549.687
5.10516	548.433
5.11136	547.379
5.11756	546.519
5.12375	545.847
5.12995	545.356
5.13614	545.038
5.14234	544.886
5.14854	544.892
5.15473	545.046
5.16093	545.341
5.16712	545.766
5.17332	546.313
5.17952	546.971
5.18571	547.732
5.19191	548.584
5.1981	549.517
5.2043	550.523
5.2105	551.589
5.21669	552.706
5.22289	553.864
5.22908	555.053
5.23528	556.261
5.24148	557.481
5.24767	558.7
5.25387	559.911
5.26006	561.102
5.26626	562.266
5.27246	563.393
5.27865	564.474
5.28485	565.501
5.29104	566.465
5.29724	567.36
5.30344	568.176
5.30963	568.908
5.31583	569.548
5.32202	570.09
5.32822	570.528
5.33442	570.856
5.34061	571.07
5.34681	571.164
5.353	571.134
5.3592	570.977
5.3654	570.688
5.37159	570.266
5.37779	569.706
5.38398	569.007
5.39018	568.168
5.39638	567.186
5.40257	566.062
5.40877	564.794
5.41496	563.382
5.42116	561.827
5.42736	560.129
5.43355	558.29
5.43975	556.31
5.44594	554.192
5.45214	551.938
5.45834	549.55
5.46453	547.03
5.47073	544.383
5.47692	541.611
5.48312	538.718
5.48932	535.707
5.49551	532.584
5.50171	529.351
5.5079	526.015
5.5141	522.579
5.5203	519.048
5.52649	515.428
5.53269	511.723
5.53888	507.939
5.54508	504.082
5.55128	500.157
5.55747	496.168
5.56367	492.124
5.56986	488.028
5.57606	483.887
5.58226	479.706
5.58845	475.491
5.59465	471.249
5.60084	466.983
5.60704	462.702
5.61324	458.409
5.61943	454.11
5.62563	449.811
5.63182	445.517
5.63802	441.234
5.64422	436.966
5.65041	432.719
5.65661	428.498
5.6628	424.307
5.669	420.151
5.6752	416.034
5.68139	411.961
5.68759	407.935
5.69378	403.961
5.69998	400.043
5.70618	396.183
5.71237	392.386
5.71857	388.654
5.72476	384.99
5.73096	381.398
5.73716	377.879
5.74335	374.437
5.74955	371.073
5.75574	367.788
5.76194	364.586
5.76814	361.468
5.77433	358.434
5.78053	355.486
5.78672	352.625
5.79292	349.852
5.79912	347.166
5.80531	344.57
5.81151	342.062
5.8177	339.643
5.8239	337.312
5.8301	335.069
5.83629	332.913
5.84249	330.845
5.84868	328.862
5.85488	326.964
5.86108	325.15
5.86727	323.418
5.87347	321.767
5.87966	320.196
5.88586	318.702
5.89206	317.284
5.89825	315.94
5.90445	314.667
5.91064	313.464
5.91684	312.329
5.92304	311.259
5.92923	310.251
5.93543	309.303
5.94162	308.414
5.94782	307.579
5.95402	306.797
5.96021	306.065
5.96641	305.379
5.9726	304.738
5.9788	304.139
5.985	303.578
5.99119	303.054
5.99739	302.562
6.00358	302.101
6.00978	301.668
6.01598	301.259
6.02217	300.872
6.02837	300.505
6.03456	300.154
6.04076	299.816
6.04696	299.49
6.05315	299.173
6.05935	298.862
6.06554	298.554
6.07174	298.247
6.07794	297.939
6.08413	297.627
6.09033	297.309
6.09652	296.983
6.10272	296.647
6.10892	296.298
6.11511	295.934
6.12131	295.555
6.1275	295.157
6.1337	294.739
6.1399	294.299
6.14609	293.836
6.15229	293.349
6.15848	292.835
6.16468	292.294
6.17088	291.723
6.17707	291.123
6.18327	290.492
6.18946	289.829
6.19566	289.132
6.20186	288.402
6.20805	287.637
6.21425	286.837
6.22044	286.002
6.22664	285.13
6.23284	284.221
6.23903	283.276
6.24523	282.293
6.25142	281.272
6.25762	280.215
6.26382	279.119
6.27001	277.987
6.27621	276.817
6.2824	275.61
6.2886	274.366
6.2948	273.086
6.30099	271.769
6.30719	270.417
6.31338	269.03
6.31958	267.609
6.32578	266.154
6.33197	264.665
6.33817	263.144
6.34436	261.592
6.35056	260.008
6.35676	258.395
6.36295	256.753
6.36915	255.083
6.37534	253.385
6.38154	251.662
6.38774	249.914
6.39393	248.142
6.40013	246.347
6.40632	244.531
6.41252	242.694
6.41872	240.838
6.42491	238.963
6.43111	237.072
6.4373	235.165
6.4435	233.244
6.4497	231.309
6.45589	229.363
6.46209	227.405
6.46828	225.438
6.47448	223.463
6.48068	221.48
6.48687	219.492
6.49307	217.499
6.49926	215.503
6.50546	213.504
6.51166	211.504
6.51785	209.505
6.52405	207.507
6.53024	205.511
6.53644	203.518
6.54264	201.53
6.54883	199.548
6.55503	197.573
6.56122	195.605
6.56742	193.647
6.57362	191.698
6.57981	189.759
6.58601	187.833
6.5922	185.918
6.5984	184.018
6.6046	182.131
6.61079	180.26
6.61699	178.404
6.62318	176.566
6.62938	174.744
6.63558	172.94
6.64177	171.156
6.64797	169.39
6.65416	167.644
6.66036	165.919
6.66656	164.214
6.67275	162.531
6.67895	160.87
6.68514	159.232
6.69134	157.615
6.69754	156.023
6.70373	154.453
6.70993	152.907
6.71612	151.385
6.72232	149.887
6.72852	148.414
6.73471	146.965
6.74091	145.541
6.7471	144.142
6.7533	142.768
6.7595	141.418
6.76569	140.094
6.77189	138.795
6.77808	137.52
6.78428	136.271
6.79048	135.046
6.79667	133.846
6.80287	132.67
6.80906	131.519
6.81526	130.393
6.82146	129.29
6.82765	128.211
6.83385	127.156
6.84004	126.124
6.84624	125.115
6.85244	124.129
6.85863	123.166
6.86483	122.225
6.87102	121.305
6.87722	120.407
6.88342	119.53
6.88961	118.673
6.89581	117.837
6.902	117.02
6.9082	116.223
6.9144	115.444
6.92059	114.683
6.92679	113.94
6.93298	113.213
6.93918	112.503
6.94538	111.808
6.95157	111.127
6.95777	110.46
6.96396	109.805
6.97016	109.16
6.97636	108.525
6.98255	107.897
6.98875	107.274
6.99494	106.655
7.00114	106.036
7.00734	105.415
7.01353	104.788
7.01973	104.151
7.02592	103.501
7.03212	102.832
7.03832	102.14
7.04451	101.418
7.05071	100.661
7.0569	99.8614
7.0631	99.0135
7.0693	98.1094
7.07549	97.1418
7.08169	96.1029
7.08788	94.9852
7.09408	93.7812
7.10028	92.4836
7.10647	91.0854
7.11267	89.5807
7.11886	87.964
7.12506	86.2309
7.13126	84.3784
7.13745	82.4041
7.14365	80.3083
7.14984	78.0916
7.15604	75.7574
7.16224	73.3098
7.16843	70.7559
7.17463	68.1034
7.18082	65.3621
7.18702	62.5439
7.19322	59.661
7.19941	56.7283
7.20561	53.76
7.2118	50.7723
