1.022	83.9848
1.0282	98.0693
1.03439	112.947
1.04059	128.431
1.04678	144.329
1.05298	160.456
1.05918	176.635
1.06537	192.71
1.07157	208.543
1.07776	224.023
1.08396	239.059
1.09016	253.586
1.09635	267.562
1.10255	280.965
1.10874	293.798
1.11494	306.074
1.12114	317.826
1.12733	329.091
1.13353	339.911
1.13972	350.326
1.14592	360.37
1.15212	370.067
1.15831	379.433
1.16451	388.475
1.1707	397.193
1.1769	405.587
1.1831	413.657
1.18929	421.412
1.19549	428.866
1.20168	436.04
1.20788	442.962
1.21408	449.66
1.22027	456.161
1.22647	462.482
1.23266	468.631
1.23886	474.606
1.24506	480.393
1.25125	485.971
1.25745	491.317
1.26364	496.41
1.26984	501.237
1.27604	505.799
1.28223	510.106
1.28843	514.183
1.29462	518.063
1.30082	521.782
1.30702	525.374
1.31321	528.865
1.31941	532.266
1.3256	535.576
1.3318	538.777
1.338	541.839
1.34419	544.725
1.35039	547.4
1.35658	549.832
1.36278	552.002
1.36898	553.908
1.37517	555.565
1.38137	557.005
1.38756	558.272
1.39376	559.415
1.39996	560.483
1.40615	561.517
1.41235	562.542
1.41854	563.565
1.42474	564.574
1.43094	565.538
1.43713	566.413
1.44333	567.147
1.44952	567.688
1.45572	567.992
1.46192	568.031
1.46811	567.796
1.47431	567.299
1.4805	566.573
1.4867	565.67
1.4929	564.65
1.49909	563.581
1.50529	562.521
1.51148	561.52
1.51768	560.607
1.52388	559.791
1.53007	559.055
1.53627	558.362
1.54246	557.656
1.54866	556.874
1.55486	555.948
1.56105	554.815
1.56725	553.429
1.57344	551.759
1.57964	549.802
1.58584	547.578
1.59203	545.129
1.59823	542.517
1.60442	539.816
1.61062	537.105
1.61682	534.458
1.62301	531.94
1.62921	529.594
1.6354	527.444
1.6416	525.486
1.6478	523.691
1.65399	522.009
1.66019	520.373
1.66638	518.705
1.67258	516.927
1.67878	514.965
1.68497	512.759
1.69117	510.268
1.69736	507.476
1.70356	504.393
1.70976	501.051
1.71595	497.506
1.72215	493.833
1.72834	490.114
1.73454	486.436
1.74074	482.882
1.74693	479.522
1.75313	476.409
1.75932	473.573
1.76552	471.02
1.77172	468.729
1.77791	466.659
1.78411	464.745
1.7903	462.913
1.7965	461.078
1.8027	459.156
1.80889	457.068
1.81509	454.751
1.82128	452.157
1.82748	449.263
1.83368	446.068
1.83987	442.596
1.84607	438.892
1.85226	435.021
1.85846	431.061
1.86466	427.098
1.87085	423.218
1.87705	419.504
1.88324	416.026
1.88944	412.839
1.89564	409.978
1.90183	407.457
1.90803	405.264
1.91422	403.368
1.92042	401.719
1.92662	400.25
1.93281	398.884
1.93901	397.539
1.9452	396.133
1.9514	394.592
1.9576	392.851
1.96379	390.862
1.96999	388.594
1.97618	386.039
1.98238	383.208
1.98858	380.131
1.99477	376.857
2.00097	373.449
2.00716	369.981
2.01336	366.531
2.01956	363.179
2.02575	359.999
2.03195	357.059
2.03814	354.41
2.04434	352.092
2.05054	350.124
2.05673	348.506
2.06293	347.222
2.06912	346.237
2.07532	345.502
2.08152	344.956
2.08771	344.53
2.09391	344.151
2.1001	343.746
2.1063	343.247
2.1125	342.595
2.11869	341.742
2.12489	340.652
2.13108	339.309
2.13728	337.71
2.14348	335.87
2.14967	333.819
2.15587	331.6
2.16206	329.269
2.16826	326.888
2.17446	324.525
2.18065	322.248
2.18685	320.122
2.19304	318.207
2.19924	316.555
2.20544	315.203
2.21163	314.179
2.21783	313.494
2.22402	313.145
2.23022	313.113
2.23642	313.368
2.24261	313.867
2.24881	314.557
2.255	315.379
2.2612	316.27
2.2674	317.166
2.27359	318.006
2.27979	318.731
2.28598	319.295
2.29218	319.658
2.29838	319.794
2.30457	319.687
2.31077	319.337
2.31696	318.757
2.32316	317.971
2.32936	317.018
2.33555	315.941
2.34175	314.797
2.34794	313.643
2.35414	312.542
2.36034	311.555
2.36653	310.74
2.37273	310.151
2.37892	309.835
2.38512	309.826
2.39132	310.151
2.39751	310.823
2.40371	311.843
2.4099	313.199
2.4161	314.867
2.4223	316.813
2.42849	318.991
2.43469	321.35
2.44088	323.83
2.44708	326.369
2.45328	328.905
2.45947	331.374
2.46567	333.718
2.47186	335.884
2.47806	337.827
2.48426	339.51
2.49045	340.908
2.49665	342.008
2.50284	342.807
2.50904	343.317
2.51524	343.56
2.52143	343.568
2.52763	343.386
2.53382	343.065
2.54002	342.663
2.54622	342.243
2.55241	341.872
2.55861	341.614
2.5648	341.535
2.571	341.693
2.5772	342.144
2.58339	342.934
2.58959	344.1
2.59578	345.67
2.60198	347.658
2.60818	350.068
2.61437	352.891
2.62057	356.108
2.62676	359.687
2.63296	363.585
2.63916	367.753
2.64535	372.13
2.65155	376.651
2.65774	381.249
2.66394	385.852
2.67014	390.388
2.67633	394.788
2.68253	398.985
2.68872	402.921
2.69492	406.541
2.70112	409.801
2.70731	412.668
2.71351	415.118
2.7197	417.138
2.7259	418.729
2.7321	419.903
2.73829	420.683
2.74449	421.104
2.75068	421.209
2.75688	421.052
2.76308	420.695
2.76927	420.204
2.77547	419.651
2.78166	419.11
2.78786	418.656
2.79406	418.364
2.80025	418.304
2.80645	418.544
2.81264	419.144
2.81884	420.157
2.82504	421.628
2.83123	423.592
2.83743	426.072
2.84362	429.081
2.84982	432.62
2.85602	436.679
2.86221	441.237
2.86841	446.261
2.8746	451.708
2.8808	457.527
2.887	463.658
2.89319	470.035
2.89939	476.585
2.90558	483.232
2.91178	489.898
2.91798	496.504
2.92417	502.972
2.93037	509.227
2.93656	515.198
2.94276	520.818
2.94896	526.028
2.95515	530.777
2.96135	535.023
2.96754	538.733
2.97374	541.885
2.97994	544.468
2.98613	546.479
2.99233	547.931
2.99852	548.844
3.00472	549.247
3.01092	549.184
3.01711	548.701
3.02331	547.858
3.0295	546.717
3.0357	545.349
3.0419	543.826
3.04809	542.227
3.05429	540.629
3.06048	539.111
3.06668	537.75
3.07288	536.621
3.07907	535.794
3.08527	535.337
3.09146	535.308
3.09766	535.76
3.10386	536.738
3.11005	538.277
3.11625	540.405
3.12244	543.138
3.12864	546.483
3.13484	550.439
3.14103	554.991
3.14723	560.118
3.15342	565.789
3.15962	571.964
3.16582	578.593
3.17201	585.623
3.17821	592.992
3.1844	600.633
3.1906	608.476
3.1968	616.445
3.20299	624.465
3.20919	632.459
3.21538	640.351
3.22158	648.065
3.22778	655.528
3.23397	662.671
3.24017	669.429
3.24636	675.744
3.25256	681.563
3.25876	686.838
3.26495	691.532
3.27115	695.614
3.27734	699.063
3.28354	701.863
3.28974	704.011
3.29593	705.51
3.30213	706.373
3.30832	706.62
3.31452	706.281
3.32072	705.391
3.32691	703.993
3.33311	702.137
3.3393	699.879
3.3455	697.278
3.3517	694.398
3.35789	691.306
3.36409	688.073
3.37028	684.769
3.37648	681.465
3.38268	678.232
3.38887	675.14
3.39507	672.256
3.40126	669.644
3.40746	667.365
3.41366	665.476
3.41985	664.027
3.42605	663.063
3.43224	662.624
3.43844	662.743
3.44464	663.444
3.45083	664.748
3.45703	666.666
3.46322	669.2
3.46942	672.349
3.47562	676.102
3.48181	680.441
3.48801	685.343
3.4942	690.777
3.5004	696.707
3.5066	703.089
3.51279	709.879
3.51899	717.025
3.52518	724.471
3.53138	732.159
3.53758	740.028
3.54377	748.017
3.54997	756.061
3.55616	764.097
3.56236	772.06
3.56856	779.888
3.57475	787.519
3.58095	794.895
3.58714	801.959
3.59334	808.657
3.59954	814.941
3.60573	820.766
3.61193	826.091
3.61812	830.881
3.62432	835.107
3.63052	838.743
3.63671	841.771
3.64291	844.178
3.6491	845.957
3.6553	847.107
3.6615	847.632
3.66769	847.543
3.67389	846.855
3.68008	845.59
3.68628	843.774
3.69248	841.437
3.69867	838.615
3.70487	835.348
3.71106	831.677
3.71726	827.648
3.72346	823.311
3.72965	818.716
3.73585	813.915
3.74204	808.963
3.74824	803.912
3.75444	798.818
3.76063	793.736
3.76683	788.718
3.77302	783.817
3.77922	779.084
3.78542	774.567
3.79161	770.313
3.79781	766.365
3.804	762.763
3.8102	759.544
3.8164	756.742
3.82259	754.385
3.82879	752.498
3.83498	751.103
3.84118	750.215
3.84738	749.847
3.85357	750.007
3.85977	750.697
3.86596	751.916
3.87216	753.658
3.87836	755.914
3.88455	758.669
3.89075	761.905
3.89694	765.601
3.90314	769.731
3.90934	774.267
3.91553	779.176
3.92173	784.426
3.92792	789.979
3.93412	795.796
3.94032	801.838
3.94651	808.061
3.95271	814.424
3.9589	820.882
3.9651	827.391
3.9713	833.907
3.97749	840.385
3.98369	846.782
3.98988	853.057
3.99608	859.166
4.00228	865.07
4.00847	870.731
4.01467	876.112
4.02086	881.18
4.02706	885.902
4.03326	890.249
4.03945	894.194
4.04565	897.715
4.05184	900.79
4.05804	903.402
4.06424	905.536
4.07043	907.182
4.07663	908.332
4.08282	908.98
4.08902	909.126
4.09522	908.771
4.10141	907.919
4.10761	906.58
4.1138	904.764
4.12	902.484
4.1262	899.757
4.13239	896.601
4.13859	893.039
4.14478	889.093
4.15098	884.788
4.15718	880.152
4.16337	875.215
4.16957	870.005
4.17576	864.555
4.18196	858.898
4.18816	853.066
4.19435	847.093
4.20055	841.013
4.20674	834.861
4.21294	828.671
4.21914	822.477
4.22533	816.311
4.23153	810.207
4.23772	804.196
4.24392	798.31
4.25012	792.577
4.25631	787.027
4.26251	781.685
4.2687	776.576
4.2749	771.725
4.2811	767.153
4.28729	762.878
4.29349	758.919
4.29968	755.291
4.30588	752.007
4.31208	749.079
4.31827	746.516
4.32447	744.323
4.33066	742.507
4.33686	741.068
4.34306	740.007
4.34925	739.323
4.35545	739.011
4.36164	739.065
4.36784	739.477
4.37404	740.237
4.38023	741.333
4.38643	742.753
4.39262	744.481
4.39882	746.501
4.40502	748.795
4.41121	751.343
4.41741	754.127
4.4236	757.123
4.4298	760.311
4.436	763.667
4.44219	767.169
4.44839	770.791
4.45458	774.51
4.46078	778.302
4.46698	782.141
4.47317	786.003
4.47937	789.864
4.48556	793.699
4.49176	797.484
4.49796	801.197
4.50415	804.814
4.51035	808.314
4.51654	811.676
4.52274	814.878
4.52894	817.902
4.53513	820.729
4.54133	823.342
4.54752	825.725
4.55372	827.863
4.55992	829.743
4.56611	831.353
4.57231	832.681
4.5785	833.718
4.5847	834.455
4.5909	834.887
4.59709	835.007
4.60329	834.813
4.60948	834.301
4.61568	833.47
4.62188	832.32
4.62807	830.854
4.63427	829.073
4.64046	826.983
4.64666	824.588
4.65286	821.895
4.65905	818.912
4.66525	815.647
4.67144	812.111
4.67764	808.314
4.68384	804.268
4.69003	799.985
4.69623	795.479
4.70242	790.763
4.70862	785.853
4.71482	780.762
4.72101	775.508
4.72721	770.105
4.7334	764.57
4.7396	758.92
4.7458	753.172
4.75199	747.342
4.75819	741.447
4.76438	735.504
4.77058	729.53
4.77678	723.542
4.78297	717.555
4.78917	711.587
4.79536	705.652
4.80156	699.766
4.80776	693.944
4.81395	688.201
4.82015	682.55
4.82634	677.005
4.83254	671.577
4.83874	666.28
4.84493	661.124
4.85113	656.121
4.85732	651.279
4.86352	646.607
4.86972	642.115
4.87591	637.809
4.88211	633.696
4.8883	629.781
4.8945	626.07
4.9007	622.567
4.90689	619.275
4.91309	616.196
4.91928	613.332
4.92548	610.683
4.93168	608.251
4.93787	606.033
4.94407	604.029
4.95026	602.235
4.95646	600.65
4.96266	599.269
4.96885	598.087
4.97505	597.101
4.98124	596.304
4.98744	595.69
4.99364	595.252
4.99983	594.984
5.00603	594.877
5.01222	594.923
5.01842	595.114
5.02462	595.44
5.03081	595.893
5.03701	596.463
5.0432	597.141
5.0494	597.916
5.0556	598.778
5.06179	599.717
5.06799	600.723
5.07418	601.784
5.08038	602.892
5.08658	604.035
5.09277	605.203
5.09897	606.385
5.10516	607.572
5.11136	608.754
5.11756	609.92
5.12375	611.06
5.12995	612.167
5.13614	613.23
5.14234	614.24
5.14854	615.189
5.15473	616.068
5.16093	616.871
5.16712	617.588
5.17332	618.213
5.17952	618.739
5.18571	619.16
5.19191	619.469
5.1981	619.662
5.2043	619.733
5.2105	619.677
5.21669	619.49
5.22289	619.169
5.22908	618.709
5.23528	618.109
5.24148	617.366
5.24767	616.478
5.25387	615.443
5.26006	614.261
5.26626	612.93
5.27246	611.451
5.27865	609.823
5.28485	608.048
5.29104	606.127
5.29724	604.06
5.30344	601.85
5.30963	599.5
5.31583	597.011
5.32202	594.386
5.32822	591.629
5.33442	588.743
5.34061	585.732
5.34681	582.601
5.353	579.353
5.3592	575.993
5.3654	572.526
5.37159	568.957
5.37779	565.291
5.38398	561.534
5.39018	557.691
5.39638	553.768
5.40257	549.77
5.40877	545.705
5.41496	541.576
5.42116	537.391
5.42736	533.156
5.43355	528.876
5.43975	524.558
5.44594	520.209
5.45214	515.833
5.45834	511.437
5.46453	507.028
5.47073	502.611
5.47692	498.192
5.48312	493.776
5.48932	489.37
5.49551	484.979
5.50171	480.608
5.5079	476.263
5.5141	471.949
5.5203	467.671
5.52649	463.432
5.53269	459.24
5.53888	455.097
5.54508	451.008
5.55128	446.977
5.55747	443.008
5.56367	439.104
5.56986	435.269
5.57606	431.507
5.58226	427.819
5.58845	424.209
5.59465	420.68
5.60084	417.233
5.60704	413.871
5.61324	410.596
5.61943	407.409
5.62563	404.311
5.63182	401.305
5.63802	398.39
5.64422	395.568
5.65041	392.839
5.65661	390.203
5.6628	387.661
5.669	385.212
5.6752	382.857
5.68139	380.594
5.68759	378.423
5.69378	376.343
5.69998	374.353
5.70618	372.452
5.71237	370.638
5.71857	368.91
5.72476	367.267
5.73096	365.706
5.73716	364.225
5.74335	362.823
5.74955	361.497
5.75574	360.245
5.76194	359.064
5.76814	357.952
5.77433	356.907
5.78053	355.925
5.78672	355.003
5.79292	354.14
5.79912	353.332
5.80531	352.575
5.81151	351.868
5.8177	351.207
5.8239	350.589
5.8301	350.01
5.83629	349.469
5.84249	348.961
5.84868	348.484
5.85488	348.034
5.86108	347.609
5.86727	347.205
5.87347	346.819
5.87966	346.449
5.88586	346.091
5.89206	345.742
5.89825	345.399
5.90445	345.06
5.91064	344.722
5.91684	344.382
5.92304	344.037
5.92923	343.686
5.93543	343.324
5.94162	342.951
5.94782	342.562
5.95402	342.158
5.96021	341.734
5.96641	341.289
5.9726	340.821
5.9788	340.328
5.985	339.808
5.99119	339.259
5.99739	338.68
6.00358	338.07
6.00978	337.426
6.01598	336.748
6.02217	336.034
6.02837	335.283
6.03456	334.494
6.04076	333.666
6.04696	332.798
6.05315	331.89
6.05935	330.941
6.06554	329.95
6.07174	328.917
6.07794	327.842
6.08413	326.723
6.09033	325.562
6.09652	324.357
6.10272	323.11
6.10892	321.82
6.11511	320.487
6.12131	319.111
6.1275	317.694
6.1337	316.234
6.1399	314.734
6.14609	313.192
6.15229	311.611
6.15848	309.99
6.16468	308.331
6.17088	306.634
6.17707	304.9
6.18327	303.13
6.18946	301.325
6.19566	299.486
6.20186	297.615
6.20805	295.712
6.21425	293.778
6.22044	291.815
6.22664	289.824
6.23284	287.806
6.23903	285.763
6.24523	283.695
6.25142	281.605
6.25762	279.493
6.26382	277.362
6.27001	275.212
6.27621	273.044
6.2824	270.861
6.2886	268.664
6.2948	266.454
6.30099	264.232
6.30719	262
6.31338	259.76
6.31958	257.513
6.32578	255.26
6.33197	253.003
6.33817	250.743
6.34436	248.481
6.35056	246.22
6.35676	243.959
6.36295	241.702
6.36915	239.448
6.37534	237.199
6.38154	234.957
6.38774	232.723
6.39393	230.498
6.40013	228.282
6.40632	226.078
6.41252	223.887
6.41872	221.709
6.42491	219.545
6.43111	217.397
6.4373	215.266
6.4435	213.152
6.4497	211.056
6.45589	208.98
6.46209	206.924
6.46828	204.889
6.47448	202.876
6.48068	200.884
6.48687	198.917
6.49307	196.972
6.49926	195.053
6.50546	193.158
6.51166	191.288
6.51785	189.444
6.52405	187.627
6.53024	185.837
6.53644	184.073
6.54264	182.338
6.54883	180.63
6.55503	178.95
6.56122	177.298
6.56742	175.674
6.57362	174.08
6.57981	172.513
6.58601	170.976
6.5922	169.467
6.5984	167.988
6.6046	166.537
6.61079	165.114
6.61699	163.721
6.62318	162.356
6.62938	161.019
6.63558	159.71
6.64177	158.43
6.64797	157.177
6.65416	155.951
6.66036	154.753
6.66656	153.582
6.67275	152.437
6.67895	151.319
6.68514	150.226
6.69134	149.159
6.69754	148.117
6.70373	147.1
6.70993	146.106
6.71612	145.137
6.72232	144.19
6.72852	143.267
6.73471	142.366
6.74091	141.486
6.7471	140.628
6.7533	139.79
6.7595	138.972
6.76569	138.174
6.77189	137.395
6.77808	136.634
6.78428	135.891
6.79048	135.166
6.79667	134.456
6.80287	133.763
6.80906	133.085
6.81526	132.422
6.82146	131.773
6.82765	131.138
6.83385	130.515
6.84004	129.904
6.84624	129.304
6.85244	128.715
6.85863	128.136
6.86483	127.566
6.87102	127.004
6.87722	126.449
6.88342	125.901
6.88961	125.358
6.89581	124.819
6.902	124.284
6.9082	123.75
6.9144	123.218
6.92059	122.685
6.92679	122.149
6.93298	121.611
6.93918	121.067
6.94538	120.516
6.95157	119.955
6.95777	119.384
6.96396	118.799
6.97016	118.199
6.97636	117.58
6.98255	116.94
6.98875	116.277
6.99494	115.586
7.00114	114.866
7.00734	114.113
7.01353	113.323
7.01973	112.494
7.02592	111.621
7.03212	110.702
7.03832	109.732
7.04451	108.709
7.05071	107.629
7.0569	106.489
7.0631	105.286
7.0693	104.016
7.07549	102.678
7.08169	101.269
7.08788	99.787
7.09408	98.2305
7.10028	96.5985
7.10647	94.8899
7.11267	93.1052
7.11886	91.2444
7.12506	89.3088
7.13126	87.2999
7.13745	85.2196
7.14365	83.0713
7.14984	80.8578
7.15604	78.5838
7.16224	76.2533
7.16843	73.8721
7.17463	71.4454
7.18082	68.9793
7.18702	66.481
7.19322	63.9566
7.19941	61.4143
7.20561	58.8608
7.2118	56.304
