1.022	73.6466
1.0282	90.0367
1.03439	107.436
1.04059	125.436
1.04678	143.657
1.05298	161.792
1.05918	179.617
1.06537	196.993
1.07157	213.844
1.07776	230.127
1.08396	245.802
1.09016	260.818
1.09635	275.107
1.10255	288.601
1.10874	301.251
1.11494	313.054
1.12114	324.07
1.12733	334.421
1.13353	344.283
1.13972	353.849
1.14592	363.294
1.15212	372.74
1.15831	382.224
1.16451	391.695
1.1707	401.022
1.1769	410.029
1.1831	418.536
1.18929	426.405
1.19549	433.576
1.20168	440.089
1.20788	446.076
1.21408	451.743
1.22027	457.323
1.22647	463.029
1.23266	469.007
1.23886	475.304
1.24506	481.853
1.25125	488.487
1.25745	494.97
1.26364	501.044
1.26984	506.482
1.27604	511.136
1.28223	514.968
1.28843	518.062
1.29462	520.611
1.30082	522.884
1.30702	525.176
1.31321	527.754
1.31941	530.809
1.3256	534.417
1.3318	538.525
1.338	542.96
1.34419	547.453
1.35039	551.691
1.35658	555.368
1.36278	558.236
1.36898	560.152
1.37517	561.104
1.38137	561.21
1.38756	560.708
1.39376	559.913
1.39996	559.173
1.40615	558.81
1.41235	559.074
1.41854	560.1
1.42474	561.89
1.43094	564.311
1.43713	567.112
1.44333	569.964
1.44952	572.507
1.45572	574.401
1.46192	575.378
1.46811	575.278
1.47431	574.075
1.4805	571.877
1.4867	568.917
1.4929	565.521
1.49909	562.06
1.50529	558.907
1.51148	556.384
1.51768	554.724
1.52388	554.036
1.53007	554.298
1.53627	555.355
1.54246	556.94
1.54866	558.711
1.55486	560.289
1.56105	561.306
1.56725	561.45
1.57344	560.501
1.57964	558.359
1.58584	555.052
1.59203	550.735
1.59823	545.671
1.60442	540.199
1.61062	534.7
1.61682	529.552
1.62301	525.088
1.62921	521.564
1.6354	519.128
1.6416	517.809
1.6478	517.512
1.65399	518.034
1.66019	519.079
1.66638	520.299
1.67258	521.319
1.67878	521.786
1.68497	521.394
1.69117	519.924
1.69736	517.254
1.70356	513.379
1.70976	508.404
1.71595	502.536
1.72215	496.062
1.72834	489.322
1.73454	482.678
1.74074	476.477
1.74693	471.027
1.75313	466.561
1.75932	463.225
1.76552	461.065
1.77172	460.021
1.77791	459.938
1.78411	460.58
1.7903	461.65
1.7965	462.818
1.8027	463.748
1.80889	464.127
1.81509	463.689
1.82128	462.238
1.82748	459.661
1.83368	455.936
1.83987	451.132
1.84607	445.403
1.85226	438.973
1.85846	432.118
1.86466	425.147
1.87085	418.371
1.87705	412.087
1.88324	406.552
1.88944	401.966
1.89564	398.459
1.90183	396.082
1.90803	394.805
1.91422	394.522
1.92042	395.061
1.92662	396.194
1.93281	397.658
1.93901	399.173
1.9452	400.459
1.9514	401.26
1.9576	401.356
1.96379	400.583
1.96999	398.834
1.97618	396.075
1.98238	392.337
1.98858	387.719
1.99477	382.375
2.00097	376.507
2.00716	370.347
2.01336	364.147
2.01956	358.158
2.02575	352.616
2.03195	347.728
2.03814	343.661
2.04434	340.531
2.05054	338.397
2.05673	337.261
2.06293	337.068
2.06912	337.71
2.07532	339.034
2.08152	340.854
2.08771	342.958
2.09391	345.126
2.1001	347.14
2.1063	348.795
2.1125	349.915
2.11869	350.357
2.12489	350.022
2.13108	348.856
2.13728	346.856
2.14348	344.066
2.14967	340.575
2.15587	336.509
2.16206	332.028
2.16826	327.311
2.17446	322.552
2.18065	317.944
2.18685	313.673
2.19304	309.907
2.19924	306.788
2.20544	304.425
2.21163	302.89
2.21783	302.214
2.22402	302.387
2.23022	303.361
2.23642	305.048
2.24261	307.332
2.24881	310.069
2.255	313.099
2.2612	316.25
2.2674	319.352
2.27359	322.238
2.27979	324.757
2.28598	326.779
2.29218	328.2
2.29838	328.948
2.30457	328.985
2.31077	328.306
2.31696	326.943
2.32316	324.959
2.32936	322.446
2.33555	319.522
2.34175	316.324
2.34794	313.002
2.35414	309.712
2.36034	306.608
2.36653	303.841
2.37273	301.545
2.37892	299.837
2.38512	298.81
2.39132	298.531
2.39751	299.038
2.40371	300.336
2.4099	302.402
2.4161	305.183
2.4223	308.601
2.42849	312.551
2.43469	316.913
2.44088	321.549
2.44708	326.315
2.45328	331.064
2.45947	335.648
2.46567	339.931
2.47186	343.788
2.47806	347.109
2.48426	349.81
2.49045	351.828
2.49665	353.126
2.50284	353.695
2.50904	353.554
2.51524	352.748
2.52143	351.346
2.52763	349.439
2.53382	347.138
2.54002	344.568
2.54622	341.865
2.55241	339.172
2.55861	336.63
2.5648	334.38
2.571	332.553
2.5772	331.268
2.58339	330.629
2.58959	330.719
2.59578	331.6
2.60198	333.311
2.60818	335.865
2.61437	339.251
2.62057	343.434
2.62676	348.354
2.63296	353.931
2.63916	360.065
2.64535	366.641
2.65155	373.53
2.65774	380.596
2.66394	387.697
2.67014	394.692
2.67633	401.442
2.68253	407.815
2.68872	413.69
2.69492	418.96
2.70112	423.536
2.70731	427.348
2.71351	430.345
2.7197	432.5
2.7259	433.81
2.7321	434.292
2.73829	433.987
2.74449	432.957
2.75068	431.283
2.75688	429.063
2.76308	426.409
2.76927	423.446
2.77547	420.307
2.78166	417.129
2.78786	414.053
2.79406	411.215
2.80025	408.749
2.80645	406.78
2.81264	405.42
2.81884	404.77
2.82504	404.913
2.83123	405.915
2.83743	407.823
2.84362	410.663
2.84982	414.441
2.85602	419.141
2.86221	424.729
2.86841	431.15
2.8746	438.33
2.8808	446.182
2.887	454.601
2.89319	463.473
2.89939	472.672
2.90558	482.067
2.91178	491.522
2.91798	500.901
2.92417	510.069
2.93037	518.896
2.93656	527.259
2.94276	535.042
2.94896	542.146
2.95515	548.48
2.96135	553.973
2.96754	558.568
2.97374	562.225
2.97994	564.926
2.98613	566.667
2.99233	567.464
2.99852	567.353
3.00472	566.383
3.01092	564.622
3.01711	562.152
3.02331	559.067
3.0295	555.472
3.0357	551.484
3.0419	547.222
3.04809	542.813
3.05429	538.386
3.06048	534.069
3.06668	529.989
3.07288	526.268
3.07907	523.02
3.08527	520.353
3.09146	518.364
3.09766	517.137
3.10386	516.745
3.11005	517.245
3.11625	518.68
3.12244	521.077
3.12864	524.448
3.13484	528.789
3.14103	534.078
3.14723	540.28
3.15342	547.347
3.15962	555.214
3.16582	563.805
3.17201	573.034
3.17821	582.804
3.1844	593.012
3.1906	603.545
3.1968	614.289
3.20299	625.124
3.20919	635.933
3.21538	646.597
3.22158	657
3.22778	667.03
3.23397	676.581
3.24017	685.555
3.24636	693.862
3.25256	701.422
3.25876	708.166
3.26495	714.036
3.27115	718.986
3.27734	722.986
3.28354	726.015
3.28974	728.068
3.29593	729.152
3.30213	729.288
3.30832	728.507
3.31452	726.856
3.32072	724.389
3.32691	721.172
3.33311	717.282
3.3393	712.801
3.3455	707.819
3.3517	702.434
3.35789	696.744
3.36409	690.855
3.37028	684.87
3.37648	678.896
3.38268	673.036
3.38887	667.392
3.39507	662.064
3.40126	657.145
3.40746	652.722
3.41366	648.877
3.41985	645.683
3.42605	643.204
3.43224	641.496
3.43844	640.606
3.44464	640.567
3.45083	641.406
3.45703	643.137
3.46322	645.764
3.46942	649.28
3.47562	653.668
3.48181	658.902
3.48801	664.946
3.4942	671.752
3.5004	679.269
3.5066	687.433
3.51279	696.178
3.51899	705.428
3.52518	715.104
3.53138	725.124
3.53758	735.398
3.54377	745.84
3.54997	756.359
3.55616	766.864
3.56236	777.266
3.56856	787.475
3.57475	797.407
3.58095	806.981
3.58714	816.116
3.59334	824.742
3.59954	832.79
3.60573	840.198
3.61193	846.914
3.61812	852.89
3.62432	858.085
3.63052	862.468
3.63671	866.016
3.64291	868.712
3.6491	870.55
3.6553	871.53
3.6615	871.661
3.66769	870.959
3.67389	869.448
3.68008	867.16
3.68628	864.133
3.69248	860.41
3.69867	856.042
3.70487	851.084
3.71106	845.597
3.71726	839.643
3.72346	833.291
3.72965	826.61
3.73585	819.672
3.74204	812.551
3.74824	805.321
3.75444	798.055
3.76063	790.828
3.76683	783.711
3.77302	776.774
3.77922	770.085
3.78542	763.708
3.79161	757.705
3.79781	752.132
3.804	747.042
3.8102	742.483
3.8164	738.498
3.82259	735.123
3.82879	732.39
3.83498	730.325
3.84118	728.947
3.84738	728.271
3.85357	728.304
3.85977	729.049
3.86596	730.5
3.87216	732.649
3.87836	735.479
3.88455	738.971
3.89075	743.098
3.89694	747.829
3.90314	753.13
3.90934	758.961
3.91553	765.279
3.92173	772.037
3.92792	779.186
3.93412	786.674
3.94032	794.448
3.94651	802.449
3.95271	810.624
3.9589	818.913
3.9651	827.259
3.9713	835.603
3.97749	843.888
3.98369	852.058
3.98988	860.058
3.99608	867.835
4.00228	875.337
4.00847	882.515
4.01467	889.324
4.02086	895.72
4.02706	901.664
4.03326	907.119
4.03945	912.052
4.04565	916.435
4.05184	920.243
4.05804	923.455
4.06424	926.055
4.07043	928.029
4.07663	929.371
4.08282	930.075
4.08902	930.142
4.09522	929.576
4.10141	928.384
4.10761	926.58
4.1138	924.179
4.12	921.199
4.1262	917.663
4.13239	913.597
4.13859	909.029
4.14478	903.991
4.15098	898.516
4.15718	892.64
4.16337	886.4
4.16957	879.836
4.17576	872.989
4.18196	865.9
4.18816	858.612
4.19435	851.168
4.20055	843.611
4.20674	835.985
4.21294	828.332
4.21914	820.695
4.22533	813.116
4.23153	805.635
4.23772	798.292
4.24392	791.125
4.25012	784.17
4.25631	777.461
4.26251	771.031
4.2687	764.91
4.2749	759.127
4.2811	753.707
4.28729	748.672
4.29349	744.044
4.29968	739.841
4.30588	736.076
4.31208	732.764
4.31827	729.913
4.32447	727.53
4.33066	725.619
4.33686	724.182
4.34306	723.217
4.34925	722.721
4.35545	722.686
4.36164	723.104
4.36784	723.964
4.37404	725.252
4.38023	726.952
4.38643	729.046
4.39262	731.515
4.39882	734.337
4.40502	737.489
4.41121	740.948
4.41741	744.686
4.4236	748.678
4.4298	752.895
4.436	757.309
4.44219	761.891
4.44839	766.609
4.45458	771.436
4.46078	776.34
4.46698	781.29
4.47317	786.258
4.47937	791.212
4.48556	796.124
4.49176	800.965
4.49796	805.706
4.50415	810.321
4.51035	814.783
4.51654	819.066
4.52274	823.147
4.52894	827.002
4.53513	830.611
4.54133	833.952
4.54752	837.008
4.55372	839.761
4.55992	842.195
4.56611	844.298
4.57231	846.056
4.5785	847.459
4.5847	848.499
4.5909	849.168
4.59709	849.461
4.60329	849.374
4.60948	848.906
4.61568	848.056
4.62188	846.825
4.62807	845.216
4.63427	843.235
4.64046	840.886
4.64666	838.178
4.65286	835.119
4.65905	831.719
4.66525	827.99
4.67144	823.944
4.67764	819.596
4.68384	814.959
4.69003	810.05
4.69623	804.884
4.70242	799.48
4.70862	793.854
4.71482	788.027
4.72101	782.016
4.72721	775.842
4.7334	769.523
4.7396	763.08
4.7458	756.533
4.75199	749.902
4.75819	743.208
4.76438	736.469
4.77058	729.708
4.77678	722.942
4.78297	716.191
4.78917	709.475
4.79536	702.811
4.80156	696.217
4.80776	689.711
4.81395	683.31
4.82015	677.029
4.82634	670.883
4.83254	664.887
4.83874	659.055
4.84493	653.399
4.85113	647.931
4.85732	642.662
4.86352	637.601
4.86972	632.759
4.87591	628.143
4.88211	623.759
4.8883	619.615
4.8945	615.714
4.9007	612.061
4.90689	608.66
4.91309	605.511
4.91928	602.617
4.92548	599.978
4.93168	597.592
4.93787	595.458
4.94407	593.574
4.95026	591.936
4.95646	590.54
4.96266	589.38
4.96885	588.452
4.97505	587.749
4.98124	587.263
4.98744	586.987
4.99364	586.912
4.99983	587.029
5.00603	587.33
5.01222	587.803
5.01842	588.439
5.02462	589.226
5.03081	590.155
5.03701	591.212
5.0432	592.388
5.0494	593.669
5.0556	595.044
5.06179	596.501
5.06799	598.028
5.07418	599.612
5.08038	601.241
5.08658	602.903
5.09277	604.587
5.09897	606.279
5.10516	607.969
5.11136	609.645
5.11756	611.296
5.12375	612.909
5.12995	614.476
5.13614	615.985
5.14234	617.427
5.14854	618.791
5.15473	620.068
5.16093	621.25
5.16712	622.328
5.17332	623.294
5.17952	624.14
5.18571	624.861
5.19191	625.448
5.1981	625.896
5.2043	626.2
5.2105	626.355
5.21669	626.355
5.22289	626.198
5.22908	625.88
5.23528	625.398
5.24148	624.75
5.24767	623.933
5.25387	622.947
5.26006	621.791
5.26626	620.465
5.27246	618.968
5.27865	617.302
5.28485	615.467
5.29104	613.465
5.29724	611.299
5.30344	608.971
5.30963	606.483
5.31583	603.839
5.32202	601.043
5.32822	598.098
5.33442	595.01
5.34061	591.782
5.34681	588.419
5.353	584.928
5.3592	581.313
5.3654	577.58
5.37159	573.735
5.37779	569.784
5.38398	565.734
5.39018	561.59
5.39638	557.361
5.40257	553.052
5.40877	548.67
5.41496	544.223
5.42116	539.716
5.42736	535.157
5.43355	530.553
5.43975	525.912
5.44594	521.24
5.45214	516.543
5.45834	511.829
5.46453	507.105
5.47073	502.376
5.47692	497.651
5.48312	492.935
5.48932	488.234
5.49551	483.556
5.50171	478.905
5.5079	474.287
5.5141	469.709
5.5203	465.176
5.52649	460.693
5.53269	456.265
5.53888	451.896
5.54508	447.593
5.55128	443.358
5.55747	439.196
5.56367	435.111
5.56986	431.107
5.57606	427.186
5.58226	423.353
5.58845	419.609
5.59465	415.958
5.60084	412.402
5.60704	408.943
5.61324	405.583
5.61943	402.323
5.62563	399.165
5.63182	396.11
5.63802	393.159
5.64422	390.311
5.65041	387.569
5.65661	384.931
5.6628	382.398
5.669	379.969
5.6752	377.644
5.68139	375.422
5.68759	373.302
5.69378	371.282
5.69998	369.363
5.70618	367.54
5.71237	365.814
5.71857	364.183
5.72476	362.643
5.73096	361.193
5.73716	359.831
5.74335	358.554
5.74955	357.36
5.75574	356.245
5.76194	355.207
5.76814	354.243
5.77433	353.349
5.78053	352.524
5.78672	351.763
5.79292	351.063
5.79912	350.421
5.80531	349.834
5.81151	349.298
5.8177	348.81
5.8239	348.365
5.8301	347.962
5.83629	347.596
5.84249	347.263
5.84868	346.961
5.85488	346.686
5.86108	346.434
5.86727	346.202
5.87347	345.987
5.87966	345.785
5.88586	345.593
5.89206	345.408
5.89825	345.226
5.90445	345.044
5.91064	344.86
5.91684	344.671
5.92304	344.473
5.92923	344.264
5.93543	344.04
5.94162	343.8
5.94782	343.541
5.95402	343.261
5.96021	342.956
5.96641	342.625
5.9726	342.266
5.9788	341.876
5.985	341.454
5.99119	340.998
5.99739	340.506
6.00358	339.977
6.00978	339.409
6.01598	338.801
6.02217	338.151
6.02837	337.458
6.03456	336.722
6.04076	335.941
6.04696	335.114
6.05315	334.242
6.05935	333.323
6.06554	332.356
6.07174	331.342
6.07794	330.28
6.08413	329.169
6.09033	328.011
6.09652	326.805
6.10272	325.55
6.10892	324.248
6.11511	322.898
6.12131	321.501
6.1275	320.057
6.1337	318.567
6.1399	317.032
6.14609	315.452
6.15229	313.828
6.15848	312.161
6.16468	310.451
6.17088	308.701
6.17707	306.91
6.18327	305.08
6.18946	303.213
6.19566	301.308
6.20186	299.369
6.20805	297.394
6.21425	295.388
6.22044	293.35
6.22664	291.282
6.23284	289.185
6.23903	287.062
6.24523	284.913
6.25142	282.739
6.25762	280.544
6.26382	278.328
6.27001	276.092
6.27621	273.838
6.2824	271.569
6.2886	269.284
6.2948	266.987
6.30099	264.679
6.30719	262.36
6.31338	260.034
6.31958	257.7
6.32578	255.362
6.33197	253.02
6.33817	250.677
6.34436	248.332
6.35056	245.989
6.35676	243.648
6.36295	241.311
6.36915	238.979
6.37534	236.654
6.38154	234.337
6.38774	232.03
6.39393	229.733
6.40013	227.448
6.40632	225.176
6.41252	222.919
6.41872	220.677
6.42491	218.452
6.43111	216.244
6.4373	214.055
6.4435	211.886
6.4497	209.738
6.45589	207.611
6.46209	205.507
6.46828	203.426
6.47448	201.369
6.48068	199.336
6.48687	197.33
6.49307	195.349
6.49926	193.395
6.50546	191.469
6.51166	189.57
6.51785	187.7
6.52405	185.859
6.53024	184.046
6.53644	182.263
6.54264	180.51
6.54883	178.788
6.55503	177.095
6.56122	175.433
6.56742	173.802
6.57362	172.201
6.57981	170.631
6.58601	169.092
6.5922	167.584
6.5984	166.107
6.6046	164.66
6.61079	163.244
6.61699	161.859
6.62318	160.504
6.62938	159.179
6.63558	157.885
6.64177	156.619
6.64797	155.383
6.65416	154.177
6.66036	152.999
6.66656	151.849
6.67275	150.727
6.67895	149.633
6.68514	148.566
6.69134	147.525
6.69754	146.511
6.70373	145.522
6.70993	144.559
6.71612	143.62
6.72232	142.706
6.72852	141.815
6.73471	140.947
6.74091	140.101
6.7471	139.278
6.7533	138.475
6.7595	137.694
6.76569	136.932
6.77189	136.19
6.77808	135.466
6.78428	134.761
6.79048	134.074
6.79667	133.403
6.80287	132.748
6.80906	132.109
6.81526	131.485
6.82146	130.876
6.82765	130.28
6.83385	129.697
6.84004	129.127
6.84624	128.569
6.85244	128.022
6.85863	127.485
6.86483	126.958
6.87102	126.441
6.87722	125.932
6.88342	125.432
6.88961	124.939
6.89581	124.453
6.902	123.973
6.9082	123.499
6.9144	123.03
6.92059	122.565
6.92679	122.103
6.93298	121.645
6.93918	121.188
6.94538	120.733
6.95157	120.278
6.95777	119.822
6.96396	119.364
6.97016	118.902
6.97636	118.436
6.98255	117.962
6.98875	117.48
6.99494	116.987
7.00114	116.48
7.00734	115.956
7.01353	115.411
7.01973	114.843
7.02592	114.246
7.03212	113.616
7.03832	112.948
7.04451	112.235
7.05071	111.471
7.0569	110.65
7.0631	109.764
7.0693	108.807
7.07549	107.769
7.08169	106.644
7.08788	105.424
7.09408	104.101
7.10028	102.668
7.10647	101.117
7.11267	99.4425
7.11886	97.6397
7.12506	95.7042
7.13126	93.6333
7.13745	91.4249
7.14365	89.0801
7.14984	86.6001
7.15604	83.9893
7.16224	81.2528
7.16843	78.399
7.17463	75.4368
7.18082	72.3773
7.18702	69.2344
7.19322	66.0215
7.19941	62.7553
7.20561	59.452
7.2118	56.1294
